1598671521137
1598671524391
1598671527608
1598671530775
1598671533811
1598671537012
1598671540164
1598671543147
1598671546314
1598671552633
1598671555751
1598671564971
1598671568042
1598671571242
1598671577596
1598671580763
1598671583931
1598671587198
1598671593835
1598671597169
1598671603788
1598671607089
1598671610424
1598671617044
1598671623713
1598671639902
1598671643153
1598671646420
1598671649723
1598671653023
1598671656224
1598671662797
1598671666114
1598671669447
1598671676083
1598671679416
1598671686020
1598671689356
1598671692455
1598671695773
1598671699108
1598671702445
1598671705811
1598671709012
1598671712279
1598671715648
1598671722350
1598671728869
1598671735571
1598671742225
1598671745580
1598671752230
1598671755595
1598671758899
1598671762267
1598671768954
1598671772290
1598671778974
