      0/99        0G      4.85      4.86      38.8      48.5        33       416         0         0  0.000409         0      4.39      5.54      38.5
      1/99        0G      5.59      4.29      34.7      44.5        34       416         0         0         0         0      4.71      5.03      39.5
      2/99        0G       5.5      4.47      70.4      80.3        48       416         0         0  0.000341         0      5.55      4.38       144
      3/99        0G      5.32      1.94      68.1      75.4        43       416         0         0   0.00013         0      6.03      2.51      45.9
      4/99        0G      5.32      1.89      41.8        49        44       416         0         0  2.47e-05         0      6.63      11.4      83.7
      5/99        0G      4.87      2.06      27.3      34.2        47       416         0         0  5.34e-05         0      5.73      6.02        39
      6/99        0G         5      2.02      28.2      35.3        52       416         0         0         0         0      11.3  1.12e+03  1.75e+03
      7/99        0G      5.57      1.62      22.2      29.4        39       416         0         0         0         0      12.6  2.28e+03  2.72e+03
      8/99        0G      6.11      1.56      14.4        22        47       416         0         0         0         0      12.3  1.59e+03  1.48e+03
      9/99        0G      6.03      1.47      12.3      19.8        50       416         0         0         0         0      11.8  1.41e+03  1.41e+03
     10/99        0G      5.98      1.49      12.7      20.1        45       416         0         0         0         0      12.2  1.21e+03  1.85e+03
     11/99        0G       5.8      1.41      10.7      17.9        57       416         0         0         0         0      8.71       936  1.64e+03
     12/99        0G       5.3      1.42      10.1      16.8        39       416         0         0         0         0      10.8  1.02e+03     2e+03
     13/99        0G      5.67      1.42      8.12      15.2        57       416         0         0         0         0      12.3  1.24e+03  2.69e+03
     14/99        0G      5.51       1.3      8.34      15.2        41       416         0         0         0         0      7.83  1.74e+03  3.87e+03
     15/99        0G      5.13      1.53      8.69      15.4        55       416         0         0         0         0      7.73  1.41e+03  4.93e+03
     16/99        0G      5.05      1.48       6.8      13.3        52       416         0         0         0         0      7.72  1.55e+03   6.7e+03
     17/99        0G      4.74      1.43        11      17.2        43       416         0         0         0         0      10.9  1.55e+03   8.9e+03
     18/99        0G      4.94      1.55      8.47        15        43       416         0         0         0         0      8.75  1.61e+03  9.32e+03
     19/99        0G      5.05      1.41      11.9      18.3        53       416         0         0         0         0      12.3  1.95e+03  1.05e+04
     20/99        0G      4.61      1.69      8.87      15.2        53       416         0         0         0         0      8.68  1.96e+03  1.16e+04
     21/99        0G      4.45      1.55      8.59      14.6        44       416         0         0         0         0      7.67  2.45e+03  1.24e+04
     22/99        0G       4.8      1.59      6.41      12.8        46       416         0         0         0         0       9.2  2.92e+03  1.62e+04
     23/99        0G      4.35       1.8      4.63      10.8        45       416         0         0         0         0      12.3   3.2e+03  1.86e+04
     24/99        0G      4.28      1.77      6.39      12.5        47       416         0         0         0         0      11.1  3.81e+03   2.2e+04
     25/99        0G      4.55      1.51      6.53      12.6        42       416         0         0         0         0      7.08  4.44e+03  2.65e+04
     26/99        0G      4.17       1.6      5.47      11.2        52       416         0         0         0         0      9.37  4.48e+03  2.58e+04
     27/99        0G      4.12      1.59      3.47      9.18        38       416         0         0         0         0      10.3  5.59e+03  3.09e+04
     28/99        0G      4.07      1.62      2.83      8.52        35       416         0         0         0         0      8.86  5.94e+03  3.51e+04
     29/99        0G      4.29      1.64       3.3      9.23        45       416         0         0         0         0        10  6.12e+03  3.84e+04
     30/99        0G      4.13      1.66      2.68      8.47        45       416         0         0         0         0      9.26  5.13e+03  3.62e+04
     31/99        0G      4.38      1.64      6.77      12.8        64       416         0         0         0         0      7.66  4.39e+03  3.79e+04
     32/99        0G      4.24      1.55       5.7      11.5        45       416         0         0         0         0      7.87       626  1.74e+04
     33/99        0G      4.05      1.61      4.84      10.5        34       416         0         0         0         0      7.65       276  1.97e+04
     34/99        0G      4.06      1.62       5.5      11.2        54       416         0         0         0         0      8.32       187  1.73e+04
     35/99        0G      3.95      1.84      3.81       9.6        55       416         0         0         0         0      10.7       751  1.45e+04
     36/99        0G      4.08      1.58      3.22      8.87        60       416         0         0         0         0      8.94       952  1.35e+04
     37/99        0G      3.95      1.58      3.27       8.8        30       416         0         0         0         0      8.96  1.11e+03  1.47e+04
     38/99        0G      3.85      1.68      4.36      9.88        41       416         0         0         0         0      9.11  1.17e+03  1.41e+04
     39/99        0G      4.12      1.67      2.91      8.69        53       416         0         0         0         0      10.2  1.21e+03  1.58e+04
     40/99        0G      3.97      1.59      2.58      8.14        29       416         0         0         0         0      10.2  1.18e+03  1.56e+04
     41/99        0G      4.24       1.6      4.28      10.1        48       416         0         0         0         0      9.61  1.17e+03  1.58e+04
     42/99        0G       4.3      1.54      4.05      9.89        49       416         0         0         0         0      11.8  1.24e+03  1.72e+04
     43/99        0G      4.43      1.47       5.7      11.6        63       416         0         0         0         0      9.06  1.34e+03  1.92e+04
     44/99        0G      4.28      1.46      2.08      7.82        43       416         0         0         0         0      9.13  1.35e+03  1.94e+04
     45/99        0G      4.06      1.74      3.66      9.46        46       416         0         0         0         0      12.7  1.37e+03  1.96e+04
     46/99        0G      3.95      1.58     0.981      6.52        60       416         0         0         0         0      11.2  1.31e+03  1.96e+04
     47/99        0G      3.94       1.6      2.39      7.93        47       416         0         0         0         0      8.63  1.33e+03  1.97e+04
     48/99        0G      3.71      1.55      4.06      9.32        36       416         0         0         0         0      11.3  1.34e+03  2.14e+04
     49/99        0G      3.82      1.51      3.12      8.45        42       416         0         0         0         0      10.4  1.38e+03  2.18e+04
     50/99        0G      4.07      1.59      3.09      8.75        54       416         0         0         0         0      11.5  1.07e+03  1.03e+04
     51/99        0G       3.9      1.51      2.46      7.87        47       416         0         0         0         0      11.5       834  6.44e+03
     52/99        0G      3.84       1.4      2.72      7.96        51       416         0         0         0         0      10.8       650  4.41e+03
     53/99        0G      3.83      1.59      5.02      10.4        39       416         0         0         0         0      11.4       507  3.01e+03
     54/99        0G      3.91      1.43      1.49      6.84        45       416         0         0         0         0        11       393  2.53e+03
     55/99        0G      3.82      1.59      1.81      7.22        56       416  0.000527    0.0417   0.00347   0.00104      10.3       310  2.29e+03
     56/99        0G      3.77      1.74      3.62      9.13        62       416         0         0         0         0      10.2       249  2.09e+03
     57/99        0G      3.62       1.6      3.03      8.25        51       416   0.00167     0.125    0.0124   0.00331      9.44       209  1.56e+03
     58/99        0G      3.59      1.76      2.67      8.03        60       416  0.000533    0.0417   0.00189   0.00105      8.96       182  1.25e+03
     59/99        0G      3.47      1.51      1.22       6.2        42       416   0.00161     0.125   0.00725   0.00317      8.97       155  1.07e+03
     60/99        0G      3.51      1.53      3.28      8.33        48       416         0         0         0         0      9.15       129       907
     61/99        0G      3.67      1.69      2.23      7.59        65       416   0.00113    0.0833   0.00127   0.00223      8.74       107       734
     62/99        0G      3.47      1.42      2.38      7.26        29       416  0.000545    0.0417   0.00202   0.00108      9.02      91.1       589
     63/99        0G      3.55       1.6      2.58      7.72        76       416   0.00234     0.167   0.00959   0.00461      8.37      75.3       504
     64/99        0G      3.62      1.73      1.71      7.06        58       416         0         0   0.00031         0      8.08      61.7       408
     65/99        0G      3.56      1.69      1.78      7.03        44       416  0.000724    0.0417  0.000397   0.00142      8.35      52.5       347
     66/99        0G      3.35      1.74      2.52      7.61        48       416  0.000763    0.0417  0.000401    0.0015      7.56      44.4       292
     67/99        0G      3.57      1.68      1.74      6.98        58       416   0.00178    0.0833   0.00216   0.00348      8.03      38.9       213
     68/99        0G      3.55      1.59         2      7.15        50       416   0.00196    0.0833   0.00215   0.00383      7.44      34.6       162
     69/99        0G      3.43      1.51      1.74      6.68        43       416   0.00215    0.0833   0.00221   0.00419       7.6      30.2       129
     70/99        0G      3.45       1.5      1.32      6.27        44       416   0.00241    0.0833   0.00233   0.00468      7.78      27.1       101
     71/99        0G      3.49      1.59      1.93      7.01        44       416   0.00367     0.125   0.00675   0.00714      7.18      23.8      79.5
     72/99        0G      3.34      1.52      3.34       8.2        60       416   0.00259    0.0833   0.00233   0.00502      7.04      21.2      64.1
     73/99        0G      3.55      1.62      1.56      6.74        58       416   0.00567     0.167   0.00835     0.011      7.27      19.5      50.7
     74/99        0G      3.57      1.59      1.83      6.98        57       416   0.00443     0.125   0.00867   0.00857      7.14      18.1      42.3
     75/99        0G      3.47      1.72       1.2      6.39        61       416   0.00643     0.167    0.0105    0.0124      6.93      16.6      36.6
     76/99        0G      3.52      1.51      1.59      6.62        37       416   0.00502     0.125   0.00737   0.00965       6.7      15.4      32.8
     77/99        0G      3.51      1.72      1.24      6.48        47       416    0.0108     0.188     0.011    0.0199      6.75      14.1      29.8
     78/99        0G      3.51      1.54      1.52      6.57        50       416    0.0112     0.188    0.0127    0.0206      6.58      13.3      25.6
     79/99        0G      3.33      1.66      1.66      6.65        63       416    0.0121     0.188    0.0233    0.0224      6.54      12.2      22.8
     80/99        0G      3.34      1.61      3.39      8.33        28       416    0.0186      0.25    0.0465    0.0339      6.57      11.7      20.4
     81/99        0G      3.43      1.65      1.17      6.25        54       416    0.0177     0.271    0.0518    0.0328      6.38      11.3      19.1
     82/99        0G      3.34      1.52      1.94      6.81        39       416    0.0186     0.271    0.0518    0.0345       6.2      10.6      17.4
     83/99        0G      3.45      1.85      2.29      7.59        47       416    0.0198     0.271     0.052    0.0366      6.07      9.79      15.9
     84/99        0G      3.46       1.7     0.793      5.95        68       416    0.0243     0.292    0.0543    0.0442      5.93         9      14.7
     85/99        0G      3.36      1.86      1.32      6.54        55       416    0.0259     0.292    0.0525    0.0469      5.88      8.42      13.5
     86/99        0G      3.38      1.42      1.65      6.45        38       416    0.0305     0.312    0.0531    0.0547      5.84      7.96      12.5
     87/99        0G      3.34      1.66      2.22      7.22        55       416    0.0308     0.312    0.0515    0.0552      5.84      7.54      11.5
     88/99        0G      3.35      1.88       1.2      6.43        43       416    0.0309     0.312    0.0519    0.0555       5.8      7.17      10.5
     89/99        0G      3.47      1.57      1.39      6.43        52       416    0.0315     0.312    0.0517    0.0564      5.73      6.79      9.64
     90/99        0G      3.47      1.74      2.02      7.23        47       416     0.032     0.312    0.0521    0.0572      5.68      6.46      9.01
     91/99        0G      3.44      1.56      1.26      6.26        50       416    0.0326     0.312    0.0562    0.0584      5.61      6.18       8.4
     92/99        0G      3.44      1.56      1.92      6.91        35       416    0.0382     0.333    0.0561    0.0677      5.55       5.9      7.81
     93/99        0G      3.32      1.39      1.84      6.55        36       416    0.0392     0.333    0.0545    0.0693      5.47      5.66      7.33
     94/99        0G      3.47      1.59      1.69      6.75        58       416    0.0396     0.333    0.0546    0.0701      5.41      5.41      6.89
     95/99        0G      3.26      1.57      1.76      6.58        37       416    0.0408     0.333    0.0549     0.072      5.34      5.17      6.44
     96/99        0G      3.39      1.59      1.16      6.14        42       416    0.0414     0.333    0.0579    0.0731      5.28      4.93      6.04
     97/99        0G      3.36      1.62     0.905      5.88        47       416    0.0422     0.333    0.0843    0.0745      5.22      4.73      5.71
     98/99        0G      3.35      1.43      1.36      6.13        29       416    0.0427     0.333    0.0844    0.0753      5.17      4.55      5.43
     99/99        0G      3.43      1.87      1.97      7.27        78       416    0.0439     0.333     0.085    0.0772      5.11      4.36      5.15
